x <- c(10, 20)
